   27257
   23467
   16702
   30073
   14493
   25511
   2398
   22309
   22200
   27706
   16946
   17215
   9197
   20561 
   12809
   8614
   30769
   6495
   18585
   16140
   23037
   11844
   8783
   4857
   15429
   26995
   21988
   10003
   22702
   23124
   16433
   926
   31228
   13799
   16964
   17727
   19145
   15019
   9651
   16389
   31869
   3006
   6960
   21417
   23162
   18245
   1886
   21781
   7575
   23566
   4580
   12580
   5072
   25204
   10943
   11433 
   28732
   31875
   31196
   26034
   22335
   349
   27878
   31246
   31488
   30684
   22365
   30476
   23581
   9337
   22760
   30342
   670
   11885
   32236
   3358
   17192
   8214 
   20061
   28104
   25715
   18075
   16084
   26249
   14590
   13523
   14306
   6782
   258
   28003
   10149
   7455
   10404
   30759
   20888
   21189
   13934
   26324
   20655
   14954
   32256
   3291
   32676
   1200
   27395
   28304
   15243
   7205
   30815
   11147
   13485
   710
   10158
   26702
   16787
   10434
   3312
   31529
   26721
   8320
   17024
   24667 
   4710
   21474
   22855
   14714
   7664
   7884
   6447
   23573
   16997
   29408
   9690
   13207
   31375
   26764
   23445
   31342
   26936
   24903
   30855
   3693
   27639
   7959
   26158
   25711
   20553
   30039
   14093
   24382
   24291
   30391
   11422
   3507
   12615
   17540
   22926 
   5150
   1430
   25386
   13353
   17639
   1189
   14327
   11540
   11382
   11858
   5153
   7738
   5201
   24601
   28939
   9736
   16772
   10722
   16836
   17117
   29254
   25885
   32208
   17084
   24281
   16913
   18732
   23365
   16818
   16241
   23948
   32227
   10970
   16433
   6375
   15430
   8852
   13207 
   21813
   20756
   24384
   917
   28024
   8411
   4735
   15702
   5113
   18251
   4504
   10263
   24020
   1186
   23835
   15928
   10166
   8039
   19396
   15507
   14310
   3675
   23713
   15372
   16770
   32429
   29815
   2409
   11532
   2669
   2659
   12133
   18981
   13123
   1981
   26367
   20119
   30049
   24385
   25112 
   18073
   1718
   8049
   9277
   23119
   5732
   1077
   24002
   3217
   8309
   19397
   32016
   22253
   10697
   21192
   27199
   18159
   30803
   15294
   8424
   159
   7046
   9627
   7220
   19020
   22793
   13748
   18745
   1416
   20914
   30943
   29575
   14708
   29362
   24534 
   24573
   4670
   1805
   23261
   2530
   31207
   32078
   22693
   13873
   11850
   13688
   11375
   20787
   30810
   27455
   8052
   19027
   26795
   4216
   12677
   25135
   15668
   11215 
   19695
   7915
   21587
   4024
   29089
   23242
   20753
   32168
   7057
   8447
   21672
   2436
   26715
   19648
   28994
   20826
   16427
   7837
   14852
   23887
   1502
   15376
   5195
   15320
   4708
   19797
   11829
   11821
   32617
   11643
   15972
   30971 
   1332
   24764
   28926
   11609
   28623
   17674
   9720
   32254
   28520
   12522
   25749
   29873
   18423
   29829
   10281
   7168
   9249
   28924
   27171
   28981
   3932
   14845
   3402
   12934
   23381
   30100
   3655
   23948
   29839
   28227 
   7524 
   29175 
   27212
   2900
   1427
   19583
   11696 
   9070
   1202
   11806
   19492
   23911
   30989
   17276
   10489
   4953
   2085
   16555
   31309
   27640
   8880 
   25876
   3379
   7714 
   2528
   31665
   5390
   4792
   14824
   11133
   2622
   22701
   23997
   11305
   23551
   8028
   12313
   13073 
   31117
   11039
   28102
   11374
   30349
   30749
   15641
   5325
   20136
   32611
   11965
   1728
   3193
   21047
   15281 
   20691
   22441
   32680
   25748
   10177
   11864
   30826
   22049
   18664
   19903
   25825
   14070
   8443
   3604
   8572
   665
   19191
   13742
   21828
   5564
   31576
   1898
   22197
   20416
   11148
   4173
   21196
   28025
   6568
   30827
   27233
   305
   28762
   23303 
   14775
   11247
   11038
   27131
   32338
   31737
   2741
   24667
   20232
   5271
   11732
   2133
   6747
   794
   8729
   22619
   24326
   25885
   322
   27525
   21206
   17419
   28321
   22832
   27579
   18913
   2251
   12268
   32543
   13109
   9105
   6037
   27510
   8824
   24113
   24255
   23
   14456
   27085 
   30551
   5962
   5672
   5147
   9864
   5794
   11172
   27231
   27612
   18829
   30832
   2198
   25508
   18985
   8448
   26868
   10393
   27737
   32126
   18321
   30915
   24345
   1479
   28256
   8602
   30734 
   16055
   32096
   30572
   23905
   3238
   790
   23550
   462
   3890
   31034
   6262
   9976
   27199
   31153
   3704
   23040
   8253
   16315
   1168
   7765
   25002
   18798
   4560 
   15054
   30167
   11619
   27834
   23798
   8430
   30895
   8544
   1703
   11060
   10516
   29385 
   31194
   28044
   6009
   27543
   5821
   1853
   26264
   25063
   24582
   8436
   18935
   29305
   6535
   24845
   14617
   14097
   13571
   29966
   25333
   15388
   321 
   21620
   30119
   31127
   20318
   8371
   3686
   21293
   615
   18040
   26038
   25503
   15656
   17457
   3038
   5993
   8766 
   14799
   18845
   23203
   23156
   9674
   31001
   24101
   21836
   29542
   27416
   14318
   30683
   15926
   11378
   25287
   11738
   28382
   16327
   24867
   4347
   5404
   8045
   1866
   6777
   8970
   7084
   12470
   4851
   28061 
   26926
   25789
   13434
   5746
   29617
   11889
   13033
   17098
   18687
   11205
   7796
   17363
   12320
   6129
   21636
   5161
   16590
   21783
   29379
   20124
   3881
   14630
   114
   564
   16300
   8703
   16899
   1906
   5984
   5334
   27364
   15065
   23631
   27867
   8601
   16557
   6716
   23834
   2573
   13819
   8081
   18848
   18986
   29401
   18073
   15328
   15527
   16879 
   24303
   30293
   17953
   12598
   19255
   27496
   110
   24576
   9995
   7059
   12334
   28217
   2360
   7879 
   14498
   28908
   13867
   23819
   450
   4104
   22182
   14951
   1161
   12645
   1720
   14848
   29076
   21762
   20715
   23684
   9707
   1681 
   27071
   15816
   25119
   2101
   16215
   13744
   30613
   6794
   12659
   80
   24609
   1510
   1438
   12624
   29654
   18654
   27561
   30357
   12573
   4108
   9815 
   28189
   19205
   23312
   11354
   4907
   29146
   29397
   21886
   1701
   2553
   5398
   26661
   14010 
   17634
   31008
   6899
   10695
   20623
   4569
   24266
   28796
   4357
   12545
   1273
   827
   6184
   28600
   5552
   3776
   20435
   64
   27320
   29703
   2600
   19717 
   25184
   32618
   27685
   2266
   16059
   6923
   26232
   5254
   1288
   113
   12437
   23935 
   29042
   11638
   31237
   6645
   21242
   8288
   17921
   1554
   25521
   8014
   9535
   1665
   28970
   3798
   16908
   21549 
   26927
   7148
   29339
   5451
   7859
   15621
   17821
   1946
   23304
   20093
   15633
   8169
   3922
   20022
   11102
   17115
   14908
   31363
   26271
   31463
   21993
   22596
   17982
   20386 
   25134
   25682
   7876
   8769
   24318
   29725
   12271
   13145
   19237
   2451
   14598
   13802
   31545
   7748
   10089
   5020
   23758
   10692
   4972
   17992
   31210
   26449
   32613
   27322
   20665
   7862 
   3332
   28854
   21377
   29807
   7395
   3128
   9431
   1294
   3166
   19456
   25620
   20446
   1445
   31054
   7683
   13509
   5647
   9451 
   13788
   2415
   32434
   1384
   23158
   2472
   29488
   2730
   23480
   9994
   15059
   19111
   29777
   31705
   26589
   11114
   23464
   25899
   6425
   28253
   13334
   2124
   31158
   199
   10580
   18272
   29525
   13716 
   21295
   26954
   18017
   19541
   12419
   30925
   31903
   27015
   20070
   7921
   27142
   25624
   28580
   31913
   12240
   3111
   18540
   18354
   30161
   20236
   8776
   11966
   19976
   23704
   31826
   18642
   30324
   12701
   31654
   5101
   27944
   11185
   16403
   18154
   2722
   2608 
   28950
   31399
   5721
   128
   5896
   28263
   2453
   15769
   5270
   27509
   29827
   3268
   21618
   3083
   14729
   29602
   32584
   26993
   4823
   29041
   19956
   30057
   5695
   17291
   19442
   715
   11078
   21295
   7701
   16749
   10107
   12420
   8572
   12613
   1287
   16091
   30403
   20690
   26502
   30261
   19830
   2743
   25365
   24069
   971
   9898 
   14764
   9527 
   28304 
   16780
   687
   31600
   23906
   4313
   28863
   3992
   12064
   30019
   10710
   22422
   2719 
   8346
   26003
   1370
   3999
   21231
   17874
   19745
   5118 
   29433 
   7552
   24820
   16684
   1464
   6574
   17778
   9695
   18775
   227
   25552
   4104
   30551
   31927
   32030
   17157
   29162
   8605
   25292
   24088
   24733
   10497
   6252
   1816
   58
   4499
   17081
   11622
   10733
   6626
   2009
   31011
   21925
   18732
   17631
   15008 
   7101
   31348
   15508
   28182
   31196
   7638
   9079
   10136
   24346
   9240
   11522
   31557
   17252
   18561
   32303
   13762
   20001
   11502
   10555
   30952
   20501
   31778 
   5802
   4281
   5254
   1630